0,273
0,270
3,2
3,1
3,3
10,12
10,154
10,88
10,158
10,168
10,182
10,24
10,206
10,2
11,15
11,23
11,3
9,7
9,2
9,3
8,12
8,18
8,16
8,8
8,7
8,2
8,3
150,3
150,2
150,1
150,0
143,4
143,3
143,2
143,1
143,0
141,3
141,2
141,1
141,0
131,5
131,4
131,3
131,2
131,1
131,0
130,5
130,4
130,3
130,2
18,1
130,1
130,0
115,5
115,4
115,3
115,2
18,3
115,1
14,1
115,0
96,3
96,2
14,3
13,1
96,1
96,0
92,5
92,4
92,3
92,2
13,3
92,1
92,0
91,4
91,3
91,2
91,1
91,0
90,4
90,3
90,2
90,1
90,0
45,3
45,2
45,1
20,3
20,2
20,1
19,3
19,2
19,1
12,3
12,2
12,1
11,30
2,2
2,1
11,29
11,28
11,27
11,26
11,25
11,24
11,22
11,21
11,20
11,19
11,18
11,17
11,16
11,14
2,3
11,13
11,12
11,11
11,10
